600038
600108
600135
600171
600191
600202
600251
600316
600359
600360
600372
600391
600460
600540
600598
600619
600737
600745
600757
600760
600765
600847
600862
600877
600893
600962
600965
601019
601098
601118
601208
601311
601811
601900
601921
601928
601952
601956
603031
603068
603075
603112
603151
603160
603187
603261
603277
603290
603311
603336
603339
603363
603375
603501
603519
603578
603609
603657
603668
603677
603726
603893
603912
603986
605111
605123
605198
605378
605488
605577
688008
688018
688041
688045
688047
688048
688049
688052
688061
688070
688099
688107
688110
688122
688123
688130
688141
688153
688167
688172
688173
688209
688213
688220
688230
688237
688239
688252
688256
688259
688261
688262
688270
688279
688281
688286
688297
688323
688325
688332
688368
688380
688381
688385
688386
688391
688416
688449
688458
688484
688486
688498
688508
688510
688512
688515
688521
688525
688536
688563
688582
688586
688589
688591
688593
688595
688601
688608
688620
688653
688685
688689
688693
688699
688702
688708
688709
688711
688718
688728
688766
688790
688795
688798
688802
688807
688819
